0.132259
0.130127
0.134119
0.133394
0.134419
0.131146
0.132593
0.133162
0.133108
0.135355
0.135221
0.136738
0.134653
0.135199
0.135610
0.134858
0.138818
0.129313
0.132863
0.130863
0.132769
0.132661
0.139664
0.133623
0.137098
0.132991
0.132954
0.133173
0.135070
0.132560
0.134713
0.134374
0.131713
0.136971
0.133523
0.134079
0.132101
0.130340
0.136651
0.134443
0.132852
0.131168
0.133060
0.134212
0.132756
0.134704
0.133369
0.133569
0.130791
0.136365
0.135007
0.132539
0.138678
0.137595
0.133684
0.134910
0.133160
0.134278
0.134378
0.134332
0.133787
0.147147
0.135976
0.131006
0.144186
0.138107
0.140438
0.142330
0.137149
0.134312
0.129895
0.135295
0.130996
0.133033
0.130393
0.132736
0.135328
0.134910
0.132855
0.133656
0.130130
0.135707
0.135075
0.135031
0.136279
0.132926
0.136990
0.132933
0.136505
0.134468
0.133929
0.131449
0.134335
0.132658
0.128479
0.134926
0.136152
0.132093
0.134701
0.136262
