0.132138
0.140790
0.136318
0.136799
0.138324
0.128927
0.137776
0.135839
0.137000
0.136694
0.137586
0.137226
0.135581
0.135667
0.138333
0.130121
0.132487
0.139981
0.149702
0.137289
0.136280
0.135702
0.130309
0.131759
0.131996
0.129202
0.129908
0.131577
0.130827
0.129369
0.128623
0.168729
0.133774
0.131138
0.136362
0.139500
0.131127
0.140110
0.128651
0.132494
0.129622
0.129527
0.128965
0.129866
0.132240
0.128730
0.133008
0.138959
0.138750
0.136429
0.140182
0.135998
0.136111
0.136423
0.135624
0.139614
0.142749
0.142981
0.143963
0.141578
0.138293
0.136732
0.137063
0.129591
0.133616
0.138024
0.139124
0.138149
0.141564
0.152078
0.136036
0.134195
0.132176
0.137310
0.134974
0.138439
0.130669
0.139323
0.137957
0.131570
0.130939
0.132092
0.131469
0.130300
0.134524
0.129802
0.138843
0.137462
0.133558
0.138441
0.135634
0.135607
0.139607
0.136842
0.137386
0.134286
0.141225
0.136750
0.135492
0.134917
